1689621284579;[509, 0, 0, 0, 0, 0]
1689621284596;[510, 1, 0, 0, 0, 0]
1689621284597;[510, 1, 0, 0, 0, 0]
1689621284596;[510, 1, 0, 0, 0, 0]
1689621284597;[509, 1, 0, 0, 0, 0]
1689621284635;[508, 1, 0, 0, 0, 0]
1689621284703;[508, 1, 0, 0, 0, 0]
1689621284703;[507, 1, 0, 0, 0, 0]
1689621284772;[509, 0, 0, 0, 0, 0]
1689621284773;[510, 1, 0, 0, 0, 0]
1689621284836;[510, 1, 0, 0, 0, 0]
1689621284838;[509, 1, 0, 0, 0, 0]
1689621284839;[508, 1, 0, 0, 0, 0]
1689621284840;[513, 1, 0, 0, 0, 0]
1689621284841;[512, 1, 0, 0, 0, 0]
1689621284842;[511, 1, 0, 0, 0, 0]
1689621284843;[511, 1, 0, 0, 0, 0]
1689621284845;[509, 1, 0, 0, 0, 0]
1689621284845;[508, 1, 0, 0, 0, 0]
1689621284846;[511, 1, 0, 0, 0, 0]
1689621284846;[511, 1, 0, 0, 0, 0]
1689621284847;[508, 1, 0, 0, 0, 0]
1689621284848;[508, 1, 0, 0, 0, 0]
1689621284848;[509, 1, 0, 0, 0, 0]
1689621284850;[511, 1, 0, 0, 0, 0]
1689621284851;[514, 1, 0, 0, 0, 0]
1689621284852;[510, 1, 0, 0, 0, 0]
1689621284852;[509, 1, 0, 0, 0, 0]
1689621284877;[509, 1, 0, 0, 0, 0]
1689621284878;[511, 1, 0, 0, 0, 0]
1689621284878;[510, 1, 0, 0, 0, 0]
1689621284882;[509, 1, 0, 0, 0, 0]
1689621284883;[508, 1, 0, 0, 0, 0]
1689621284883;[511, 1, 0, 0, 0, 0]
1689621284915;[508, 1, 0, 0, 0, 0]
1689621284916;[509, 1, 0, 0, 0, 0]
1689621284916;[503, 1, 0, 0, 0, 0]
1689621284939;[511, 1, 0, 0, 0, 0]
1689621284941;[507, 1, 0, 0, 0, 0]
1689621284971;[515, 1, 0, 0, 0, 0]
1689621284971;[508, 1, 0, 0, 0, 0]
1689621284972;[505, 1, 0, 0, 0, 0]
1689621284973;[503, 1, 0, 0, 0, 0]
1689621285001;[511, 1, 0, 0, 0, 0]
1689621285001;[509, 0, 0, 0, 0, 0]
1689621285002;[515, 1, 0, 0, 0, 0]
1689621285033;[511, 1, 0, 0, 0, 0]
1689621285035;[508, 1, 0, 0, 0, 0]
1689621285037;[508, 1, 0, 0, 0, 0]
1689621285037;[520, 1, 0, 0, 0, 0]
1689621285080;[505, 1, 0, 0, 0, 0]
1689621285082;[504, 1, 0, 0, 0, 0]
1689621285083;[525, 0, 0, 0, 0, 0]
1689621285128;[510, 1, 0, 0, 0, 0]
1689621285129;[512, 1, 0, 0, 0, 0]
1689621285129;[508, 1, 0, 0, 0, 0]
1689621285130;[511, 1, 0, 0, 0, 0]
1689621285149;[509, 1, 0, 0, 0, 0]
1689621285150;[509, 1, 0, 0, 0, 0]
1689621285151;[509, 1, 0, 0, 0, 0]
1689621285188;[510, 1, 0, 0, 0, 0]
1689621285189;[508, 1, 0, 0, 0, 0]
1689621285189;[509, 1, 0, 0, 0, 0]
1689621285190;[512, 1, 0, 0, 0, 0]
1689621285219;[512, 1, 0, 0, 0, 0]
1689621285220;[510, 1, 0, 0, 0, 0]
1689621285220;[509, 1, 0, 0, 0, 0]
1689621285221;[510, 1, 0, 0, 0, 0]
1689621285260;[511, 1, 0, 0, 0, 0]
1689621285261;[509, 1, 0, 0, 0, 0]
1689621285262;[509, 1, 0, 0, 0, 0]
1689621285263;[511, 1, 0, 0, 0, 0]
1689621285292;[510, 1, 0, 0, 0, 0]
1689621285293;[511, 1, 0, 0, 0, 0]
1689621285293;[510, 1, 0, 0, 0, 0]
1689621285328;[510, 1, 0, 0, 0, 0]
1689621285329;[509, 1, 0, 0, 0, 0]
1689621285330;[510, 1, 0, 0, 0, 0]
1689621285331;[509, 1, 0, 0, 0, 0]
1689621285364;[511, 1, 0, 0, 0, 0]
1689621285435;[510, 1, 0, 0, 0, 0]
1689621285437;[507, 1, 0, 0, 0, 0]
1689621285439;[510, 1, 0, 0, 0, 0]
1689621285502;[512, 1, 0, 0, 0, 0]
1689621285506;[511, 1, 0, 0, 0, 0]
1689621285507;[509, 1, 0, 0, 0, 0]
1689621285509;[512, 1, 0, 0, 0, 0]
1689621285511;[507, 1, 0, 0, 0, 0]
1689621285511;[512, 0, 0, 0, 0, 0]
1689621285562;[508, 1, 0, 0, 0, 0]
1689621285564;[511, 1, 0, 0, 0, 0]
1689621285565;[510, 1, 0, 0, 0, 0]
1689621285615;[511, 1, 0, 0, 0, 0]
1689621285616;[509, 1, 0, 0, 0, 0]
1689621285617;[510, 1, 0, 0, 0, 0]
1689621285617;[510, 1, 0, 0, 0, 0]
1689621285617;[509, 0, 0, 0, 0, 0]
1689621285618;[508, 1, 0, 0, 0, 0]
1689621285618;[509, 1, 0, 0, 0, 0]
1689621285619;[511, 1, 0, 0, 0, 0]
1689621285619;[509, 1, 0, 0, 0, 0]
1689621285619;[511, 1, 0, 0, 0, 0]
1689621285620;[511, 1, 0, 0, 0, 0]
1689621285620;[507, 1, 0, 0, 0, 0]
1689621285621;[510, 1, 0, 0, 0, 0]
1689621285621;[509, 1, 0, 0, 0, 0]
1689621285621;[511, 1, 0, 0, 0, 0]
1689621285622;[510, 1, 0, 0, 0, 0]
1689621285656;[509, 1, 0, 0, 0, 0]
1689621285657;[512, 1, 0, 0, 0, 0]
1689621285658;[508, 1, 0, 0, 0, 0]
1689621285667;[510, 1, 0, 0, 0, 0]
1689621285693;[507, 1, 0, 0, 0, 0]
1689621285694;[509, 1, 0, 0, 0, 0]
1689621285694;[512, 1, 0, 0, 0, 0]
1689621285718;[511, 1, 0, 0, 0, 0]
1689621285728;[510, 1, 0, 0, 0, 0]
1689621285729;[509, 1, 0, 0, 0, 0]
1689621285730;[508, 1, 0, 0, 0, 0]
1689621285764;[510, 1, 0, 0, 0, 0]
1689621285765;[511, 1, 0, 0, 0, 0]
1689621285766;[511, 1, 0, 0, 0, 0]
1689621285798;[510, 1, 0, 0, 0, 0]
1689621285799;[512, 1, 0, 0, 0, 0]
1689621285800;[510, 1, 0, 0, 0, 0]
1689621285801;[511, 1, 0, 0, 0, 0]
1689621285835;[509, 1, 0, 0, 0, 0]
1689621285836;[506, 1, 0, 0, 0, 0]
1689621285860;[510, 1, 0, 0, 0, 0]
1689621285862;[511, 1, 0, 0, 0, 0]
1689621285888;[505, 1, 0, 0, 0, 0]
1689621285889;[512, 1, 0, 0, 0, 0]
1689621285889;[511, 0, 0, 0, 0, 0]
1689621285889;[511, 1, 0, 0, 0, 0]
1689621285931;[511, 1, 0, 0, 0, 0]
1689621285932;[508, 1, 0, 0, 0, 0]
1689621285933;[511, 1, 0, 0, 0, 0]
1689621285933;[510, 1, 0, 0, 0, 0]
1689621285978;[516, 1, 0, 0, 0, 0]
1689621285979;[508, 1, 0, 0, 0, 0]
1689621285980;[508, 0, 0, 0, 0, 0]
1689621285981;[508, 1, 0, 0, 0, 0]
1689621286002;[506, 1, 0, 0, 0, 0]
1689621286003;[513, 1, 0, 0, 0, 0]
1689621286004;[516, 1, 0, 0, 0, 0]
1689621286004;[506, 1, 0, 0, 0, 0]
1689621286043;[518, 1, 0, 0, 0, 0]
1689621286044;[496, 1, 0, 0, 0, 0]
1689621286045;[489, 1, 0, 0, 0, 0]
1689621286046;[476, 1, 0, 0, 0, 0]
1689621286072;[491, 1, 0, 0, 0, 0]
1689621286073;[476, 1, 0, 0, 0, 0]
1689621286073;[499, 1, 0, 0, 0, 0]
1689621286083;[385, 0, 0, 0, 0, 0]
1689621286152;[507, 1, 0, 0, 0, 0]
1689621286154;[548, 1, 0, 0, 0, 0]
1689621286225;[530, 1, 0, 0, 0, 0]
1689621286226;[462, 1, 0, 0, 0, 0]
1689621286306;[616, 2, 0, 0, 0, 0]
1689621286308;[549, 1, 0, 0, 0, 0]
1689621286310;[489, 1, 0, 0, 0, 0]
1689621286311;[412, 1, 0, 0, 0, 0]
1689621286314;[518, 1, 0, 0, 0, 0]
1689621286333;[524, 1, 0, 0, 0, 0]
1689621286335;[503, 1, 0, 0, 0, 0]
1689621286339;[603, 2, 0, 0, 0, 0]
1689621286341;[479, 1, 0, 0, 0, 0]
1689621286342;[556, 1, 0, 0, 0, 0]
1689621286343;[548, 1, 0, 0, 0, 0]
1689621286345;[562, 1, 0, 0, 0, 0]
1689621286346;[414, 1, 0, 0, 0, 0]
1689621286347;[485, 1, 0, 0, 0, 0]
1689621286348;[537, 1, 0, 0, 0, 0]
1689621286350;[527, 1, 0, 0, 0, 0]
1689621286351;[527, 1, 0, 0, 0, 0]
1689621286352;[467, 1, 0, 0, 0, 0]
1689621286353;[486, 0, 0, 0, 0, 0]
1689621286355;[542, 1, 0, 0, 0, 0]
1689621286356;[539, 1, 0, 0, 0, 0]
1689621286357;[506, 1, 0, 0, 0, 0]
1689621286391;[490, 1, 0, 0, 0, 0]
1689621286392;[526, 1, 0, 0, 0, 0]
1689621286393;[549, 1, 0, 0, 0, 0]
1689621286393;[591, 2, 0, 0, 0, 0]
1689621286437;[489, 0, 0, 0, 0, 0]
1689621286438;[604, 2, 0, 0, 0, 0]
1689621286440;[457, 1, 0, 0, 0, 0]
1689621286443;[494, 1, 0, 0, 0, 0]
1689621286445;[513, 1, 0, 0, 0, 0]
1689621286446;[500, 1, 0, 0, 0, 0]
1689621286479;[596, 2, 0, 0, 0, 0]
1689621286480;[486, 1, 0, 0, 0, 0]
1689621286482;[472, 1, 0, 0, 0, 0]
1689621286483;[548, 1, 0, 0, 0, 0]
1689621286516;[508, 1, 0, 0, 0, 0]
1689621286517;[591, 2, 0, 0, 0, 0]
1689621286518;[409, 0, 0, 0, 0, 0]
1689621286519;[483, 1, 0, 0, 0, 0]
1689621286571;[523, 1, 0, 0, 0, 0]
1689621286572;[530, 1, 0, 0, 0, 0]
1689621286573;[493, 1, 0, 0, 0, 0]
1689621286573;[383, 0, 0, 0, 0, 0]
1689621286609;[561, 1, 0, 0, 0, 0]
1689621286610;[417, 0, 0, 0, 0, 0]
1689621286610;[417, 1, 0, 0, 0, 0]
1689621286611;[560, 1, 0, 0, 0, 0]
1689621286641;[468, 1, 0, 0, 0, 0]
1689621286642;[519, 1, 0, 0, 0, 0]
1689621286643;[396, 0, 0, 0, 0, 0]
1689621286643;[571, 1, 0, 0, 0, 0]
1689621286673;[551, 1, 0, 0, 0, 0]
1689621286674;[583, 2, 0, 0, 0, 0]
1689621286675;[528, 1, 0, 0, 0, 0]
1689621286683;[456, 1, 0, 0, 0, 0]
1689621286712;[568, 2, 0, 0, 0, 0]
1689621286713;[533, 1, 0, 0, 0, 0]
1689621286713;[507, 1, 0, 0, 0, 0]
1689621286747;[478, 1, 0, 0, 0, 0]
1689621286748;[612, 2, 0, 0, 0, 0]
1689621286748;[536, 1, 0, 0, 0, 0]
1689621286773;[429, 1, 0, 0, 0, 0]
1689621286782;[519, 1, 0, 0, 0, 0]
1689621286783;[553, 1, 0, 0, 0, 0]
1689621286783;[521, 1, 0, 0, 0, 0]
1689621286865;[502, 1, 0, 0, 0, 0]
1689621286866;[585, 2, 0, 0, 0, 0]
1689621286867;[563, 2, 0, 0, 0, 0]
1689621286933;[412, 1, 0, 0, 0, 0]
1689621286934;[544, 1, 0, 0, 0, 0]
1689621287000;[551, 1, 0, 0, 0, 0]
1689621287001;[534, 1, 0, 0, 0, 0]
1689621287027;[475, 1, 0, 0, 0, 0]
1689621287028;[442, 1, 0, 0, 0, 0]
1689621287029;[527, 1, 0, 0, 0, 0]
1689621287029;[540, 1, 0, 0, 0, 0]
1689621287064;[559, 1, 0, 0, 0, 0]
1689621287065;[525, 1, 0, 0, 0, 0]
1689621287065;[524, 1, 0, 0, 0, 0]
1689621287066;[281, 0, 0, 0, 0, 0]
1689621287066;[514, 1, 0, 0, 0, 0]
1689621287067;[537, 1, 0, 0, 0, 0]
1689621287067;[472, 1, 0, 0, 0, 0]
1689621287068;[401, 1, 0, 0, 0, 0]
1689621287068;[504, 1, 0, 0, 0, 0]
1689621287069;[564, 1, 0, 0, 0, 0]
1689621287069;[539, 1, 0, 0, 0, 0]
1689621287070;[449, 1, 0, 0, 0, 0]
1689621287070;[423, 0, 0, 0, 0, 0]
1689621287071;[558, 1, 0, 0, 0, 0]
1689621287071;[498, 1, 0, 0, 0, 0]
1689621287072;[490, 1, 0, 0, 0, 0]
1689621287072;[518, 1, 0, 0, 0, 0]
1689621287094;[536, 1, 0, 0, 0, 0]
1689621287120;[547, 1, 0, 0, 0, 0]
1689621287120;[476, 1, 0, 0, 0, 0]
1689621287121;[476, 1, 0, 0, 0, 0]
1689621287172;[523, 1, 0, 0, 0, 0]
1689621287173;[513, 1, 0, 0, 0, 0]
1689621287174;[502, 1, 0, 0, 0, 0]
1689621287174;[527, 1, 0, 0, 0, 0]
1689621287175;[515, 1, 0, 0, 0, 0]
1689621287213;[514, 1, 0, 0, 0, 0]
1689621287214;[510, 1, 0, 0, 0, 0]
1689621287215;[510, 1, 0, 0, 0, 0]
1689621287216;[511, 1, 0, 0, 0, 0]
1689621287216;[509, 1, 0, 0, 0, 0]
1689621287247;[511, 1, 0, 0, 0, 0]
1689621287248;[512, 1, 0, 0, 0, 0]
1689621287249;[508, 1, 0, 0, 0, 0]
1689621287274;[510, 1, 0, 0, 0, 0]
1689621287275;[508, 1, 0, 0, 0, 0]
1689621287276;[512, 1, 0, 0, 0, 0]
1689621287280;[511, 0, 0, 0, 0, 0]
1689621287281;[514, 1, 0, 0, 0, 0]
1689621287307;[513, 1, 0, 0, 0, 0]
1689621287317;[513, 1, 0, 0, 0, 0]
1689621287318;[508, 1, 0, 0, 0, 0]
1689621287318;[504, 1, 0, 0, 0, 0]
1689621287351;[512, 1, 0, 0, 0, 0]
1689621287352;[512, 1, 0, 0, 0, 0]
1689621287352;[514, 1, 0, 0, 0, 0]
1689621287387;[512, 1, 0, 0, 0, 0]
1689621287388;[511, 1, 0, 0, 0, 0]
1689621287389;[505, 1, 0, 0, 0, 0]
1689621287414;[506, 0, 0, 0, 0, 0]
1689621287447;[514, 1, 0, 0, 0, 0]
1689621287448;[523, 1, 0, 0, 0, 0]
1689621287448;[510, 1, 0, 0, 0, 0]
1689621287473;[513, 1, 0, 0, 0, 0]
1689621287474;[512, 1, 0, 0, 0, 0]
1689621287475;[507, 1, 0, 0, 0, 0]
1689621287475;[512, 1, 0, 0, 0, 0]
1689621287476;[516, 0, 0, 0, 0, 0]
1689621287511;[510, 1, 0, 0, 0, 0]
1689621287512;[513, 1, 0, 0, 0, 0]
1689621287514;[512, 1, 0, 0, 0, 0]
1689621287556;[508, 1, 0, 0, 0, 0]
1689621287557;[510, 1, 0, 0, 0, 0]
1689621287558;[514, 1, 0, 0, 0, 0]
1689621287612;[510, 1, 0, 0, 0, 0]
1689621287625;[510, 1, 0, 0, 0, 0]
1689621287678;[512, 1, 0, 0, 0, 0]
1689621287679;[512, 1, 0, 0, 0, 0]
1689621287746;[517, 1, 0, 0, 0, 0]
1689621287747;[510, 1, 0, 0, 0, 0]
1689621287755;[508, 1, 0, 0, 0, 0]
1689621287757;[511, 1, 0, 0, 0, 0]
1689621287759;[511, 1, 0, 0, 0, 0]
1689621287807;[512, 1, 0, 0, 0, 0]
1689621287809;[511, 1, 0, 0, 0, 0]
1689621287809;[511, 1, 0, 0, 0, 0]
1689621287810;[512, 1, 0, 0, 0, 0]
1689621287811;[510, 1, 0, 0, 0, 0]
1689621287812;[511, 1, 0, 0, 0, 0]
1689621287812;[509, 1, 0, 0, 0, 0]
1689621287813;[511, 1, 0, 0, 0, 0]
1689621287815;[508, 1, 0, 0, 0, 0]
1689621287816;[510, 1, 0, 0, 0, 0]
1689621287817;[510, 1, 0, 0, 0, 0]
1689621287818;[509, 1, 0, 0, 0, 0]
1689621287818;[510, 1, 0, 0, 0, 0]
1689621287819;[511, 1, 0, 0, 0, 0]
1689621287820;[511, 1, 0, 0, 0, 0]
1689621287820;[510, 1, 0, 0, 0, 0]
1689621287821;[509, 1, 0, 0, 0, 0]
1689621287822;[508, 1, 0, 0, 0, 0]
1689621287833;[509, 1, 0, 0, 0, 0]
1689621287835;[511, 1, 0, 0, 0, 0]
1689621287837;[510, 0, 0, 0, 0, 0]
1689621287868;[507, 1, 0, 0, 0, 0]
1689621287896;[510, 1, 0, 0, 0, 0]
1689621287897;[508, 1, 0, 0, 0, 0]
1689621287897;[512, 1, 0, 0, 0, 0]
1689621287898;[512, 1, 0, 0, 0, 0]
1689621287931;[506, 1, 0, 0, 0, 0]
1689621287932;[510, 1, 0, 0, 0, 0]
1689621287933;[510, 0, 0, 0, 0, 0]
1689621287933;[508, 1, 0, 0, 0, 0]
1689621287962;[513, 1, 0, 0, 0, 0]
1689621287963;[511, 1, 0, 0, 0, 0]
1689621287963;[508, 1, 0, 0, 0, 0]
1689621287963;[509, 1, 0, 0, 0, 0]
1689621287990;[508, 1, 0, 0, 0, 0]
1689621287991;[510, 1, 0, 0, 0, 0]
1689621287992;[511, 1, 0, 0, 0, 0]
1689621288026;[509, 1, 0, 0, 0, 0]
1689621288027;[512, 1, 0, 0, 0, 0]
1689621288027;[510, 1, 0, 0, 0, 0]
1689621288062;[510, 1, 0, 0, 0, 0]
1689621288063;[507, 1, 0, 0, 0, 0]
1689621288092;[511, 1, 0, 0, 0, 0]
1689621288093;[509, 1, 0, 0, 0, 0]
1689621288094;[513, 1, 0, 0, 0, 0]
1689621288095;[508, 1, 0, 0, 0, 0]
1689621288129;[510, 1, 0, 0, 0, 0]
1689621288130;[512, 1, 0, 0, 0, 0]
1689621288130;[510, 1, 0, 0, 0, 0]
1689621288131;[508, 1, 0, 0, 0, 0]
1689621288164;[509, 1, 0, 0, 0, 0]
1689621288165;[510, 1, 0, 0, 0, 0]
1689621288165;[511, 1, 0, 0, 0, 0]
1689621288200;[510, 1, 0, 0, 0, 0]
1689621288201;[512, 1, 0, 0, 0, 0]
1689621288202;[509, 1, 0, 0, 0, 0]
1689621288203;[511, 1, 0, 0, 0, 0]
1689621288230;[511, 1, 0, 0, 0, 0]
1689621288231;[510, 1, 0, 0, 0, 0]
1689621288231;[511, 1, 0, 0, 0, 0]
1689621288274;[510, 1, 0, 0, 0, 0]
1689621288276;[509, 1, 0, 0, 0, 0]
1689621288277;[508, 1, 0, 0, 0, 0]
1689621288277;[510, 1, 0, 0, 0, 0]
1689621288279;[513, 0, 0, 0, 0, 0]
1689621288344;[511, 1, 0, 0, 0, 0]
1689621288345;[507, 1, 0, 0, 0, 0]
1689621288411;[509, 1, 0, 0, 0, 0]
1689621288412;[509, 1, 0, 0, 0, 0]
1689621288478;[511, 1, 0, 0, 0, 0]
1689621288479;[511, 1, 0, 0, 0, 0]
1689621288520;[509, 1, 0, 0, 0, 0]
1689621288521;[509, 0, 0, 0, 0, 0]
1689621288522;[510, 1, 0, 0, 0, 0]
1689621288523;[511, 1, 0, 0, 0, 0]
1689621288524;[510, 1, 0, 0, 0, 0]
1689621288524;[510, 1, 0, 0, 0, 0]
1689621288525;[512, 1, 0, 0, 0, 0]
1689621288525;[511, 1, 0, 0, 0, 0]
1689621288526;[507, 1, 0, 0, 0, 0]
1689621288526;[509, 1, 0, 0, 0, 0]
1689621288526;[512, 1, 0, 0, 0, 0]
1689621288527;[510, 1, 0, 0, 0, 0]
1689621288527;[512, 1, 0, 0, 0, 0]
1689621288528;[511, 1, 0, 0, 0, 0]
1689621288528;[516, 1, 0, 0, 0, 0]
1689621288529;[515, 1, 0, 0, 0, 0]
1689621288529;[511, 1, 0, 0, 0, 0]
1689621288529;[519, 1, 0, 0, 0, 0]
1689621288530;[517, 1, 0, 0, 0, 0]
1689621288576;[472, 1, 0, 0, 0, 0]
1689621288577;[512, 1, 0, 0, 0, 0]
1689621288578;[516, 1, 0, 0, 0, 0]
1689621288578;[467, 1, 0, 0, 0, 0]
1689621288615;[479, 1, 0, 0, 0, 0]
1689621288616;[534, 1, 0, 0, 0, 0]
1689621288617;[521, 1, 0, 0, 0, 0]
1689621288617;[551, 1, 0, 0, 0, 0]
1689621288652;[460, 1, 0, 0, 0, 0]
1689621288653;[467, 1, 0, 0, 0, 0]
1689621288655;[477, 1, 0, 0, 0, 0]
1689621288656;[429, 1, 0, 0, 0, 0]
1689621288669;[574, 2, 0, 0, 0, 0]
1689621288671;[462, 1, 0, 0, 0, 0]
1689621288672;[600, 2, 0, 0, 0, 0]
1689621288708;[529, 1, 0, 0, 0, 0]
1689621288711;[504, 1, 0, 0, 0, 0]
1689621288713;[531, 1, 0, 0, 0, 0]
1689621288752;[499, 0, 0, 0, 0, 0]
1689621288753;[472, 1, 0, 0, 0, 0]
1689621288753;[500, 1, 0, 0, 0, 0]
1689621288755;[512, 1, 0, 0, 0, 0]
1689621288755;[693, 3, 0, 0, 0, 0]
1689621288791;[545, 1, 0, 0, 0, 0]
1689621288792;[636, 2, 0, 0, 0, 0]
1689621288792;[452, 1, 0, 0, 0, 0]
1689621288837;[448, 0, 0, 0, 0, 0]
1689621288837;[554, 1, 0, 0, 0, 0]
1689621288838;[705, 3, 0, 0, 0, 0]
1689621288838;[600, 2, 0, 0, 0, 0]
1689621288861;[502, 1, 0, 0, 0, 0]
1689621288861;[505, 1, 0, 0, 0, 0]
1689621288862;[540, 1, 0, 0, 0, 0]
1689621288865;[438, 1, 0, 0, 0, 0]
1689621288902;[411, 1, 0, 0, 0, 0]
1689621288903;[472, 1, 0, 0, 0, 0]
1689621288905;[604, 2, 0, 0, 0, 0]
1689621288905;[517, 1, 0, 0, 0, 0]
1689621288949;[441, 1, 0, 0, 0, 0]
1689621288950;[731, 3, 0, 0, 0, 0]
1689621288951;[603, 2, 0, 0, 0, 0]
1689621288952;[546, 1, 0, 0, 0, 0]
1689621288978;[583, 2, 0, 0, 0, 0]
1689621288979;[594, 2, 0, 0, 0, 0]
1689621288980;[530, 1, 0, 0, 0, 0]
1689621288984;[408, 0, 0, 0, 0, 0]
1689621289018;[595, 2, 0, 0, 0, 0]
1689621289019;[494, 1, 0, 0, 0, 0]
1689621289020;[506, 1, 0, 0, 0, 0]
1689621289084;[515, 1, 0, 0, 0, 0]
1689621289085;[547, 1, 0, 0, 0, 0]
1689621289150;[607, 2, 0, 0, 0, 0]
1689621289151;[528, 1, 0, 0, 0, 0]
1689621289216;[616, 2, 0, 0, 0, 0]
1689621289217;[537, 1, 0, 0, 0, 0]
1689621289219;[534, 1, 0, 0, 0, 0]
1689621289220;[500, 1, 0, 0, 0, 0]
1689621289221;[559, 1, 0, 0, 0, 0]
1689621289222;[694, 2, 0, 0, 0, 0]
1689621289223;[621, 2, 0, 0, 0, 0]
1689621289224;[657, 2, 0, 0, 0, 0]
1689621289225;[518, 1, 0, 0, 0, 0]
1689621289226;[483, 0, 0, 0, 0, 0]
1689621289227;[481, 1, 0, 0, 0, 0]
1689621289228;[483, 1, 0, 0, 0, 0]
1689621289229;[497, 1, 0, 0, 0, 0]
1689621289230;[606, 2, 0, 0, 0, 0]
1689621289231;[451, 1, 0, 0, 0, 0]
1689621289275;[537, 1, 0, 0, 0, 0]
1689621289276;[591, 2, 0, 0, 0, 0]
1689621289277;[536, 0, 0, 0, 0, 0]
1689621289277;[511, 1, 0, 0, 0, 0]
1689621289278;[557, 1, 0, 0, 0, 0]
1689621289278;[454, 1, 0, 0, 0, 0]
1689621289336;[425, 1, 0, 0, 0, 0]
1689621289337;[662, 2, 0, 0, 0, 0]
1689621289340;[492, 1, 0, 0, 0, 0]
1689621289341;[396, 0, 0, 0, 0, 0]
1689621289343;[571, 2, 0, 0, 0, 0]
1689621289344;[545, 1, 0, 0, 0, 0]
1689621289346;[436, 1, 0, 0, 0, 0]
1689621289346;[566, 1, 0, 0, 0, 0]
1689621289389;[374, 0, 0, 0, 0, 0]
1689621289390;[494, 1, 0, 0, 0, 0]
1689621289390;[494, 1, 0, 0, 0, 0]
1689621289391;[513, 1, 0, 0, 0, 0]
1689621289431;[543, 1, 0, 0, 0, 0]
1689621289432;[501, 1, 0, 0, 0, 0]
1689621289432;[444, 1, 0, 0, 0, 0]
1689621289470;[529, 1, 0, 0, 0, 0]
1689621289471;[507, 1, 0, 0, 0, 0]
1689621289471;[478, 1, 0, 0, 0, 0]
1689621289472;[465, 1, 0, 0, 0, 0]
1689621289484;[534, 1, 0, 0, 0, 0]
1689621289486;[516, 1, 0, 0, 0, 0]
1689621289487;[505, 1, 0, 0, 0, 0]
1689621289520;[529, 1, 0, 0, 0, 0]
1689621289523;[499, 1, 0, 0, 0, 0]
1689621289523;[499, 1, 0, 0, 0, 0]
1689621289524;[517, 1, 0, 0, 0, 0]
1689621289556;[512, 1, 0, 0, 0, 0]
1689621289557;[511, 1, 0, 0, 0, 0]
1689621289558;[510, 1, 0, 0, 0, 0]
1689621289559;[516, 1, 0, 0, 0, 0]
1689621289593;[510, 1, 0, 0, 0, 0]
1689621289594;[511, 1, 0, 0, 0, 0]
1689621289596;[502, 1, 0, 0, 0, 0]
1689621289627;[512, 1, 0, 0, 0, 0]
1689621289629;[513, 1, 0, 0, 0, 0]
1689621289630;[515, 1, 0, 0, 0, 0]
1689621289653;[509, 1, 0, 0, 0, 0]
1689621289696;[511, 1, 0, 0, 0, 0]
1689621289697;[512, 1, 0, 0, 0, 0]
1689621289697;[511, 1, 0, 0, 0, 0]
1689621289702;[510, 0, 0, 0, 0, 0]
1689621289702;[512, 1, 0, 0, 0, 0]
1689621289703;[515, 1, 0, 0, 0, 0]
1689621289704;[512, 1, 0, 0, 0, 0]
1689621289777;[511, 1, 0, 0, 0, 0]
1689621289779;[510, 1, 0, 0, 0, 0]
1689621289844;[511, 1, 0, 0, 0, 0]
1689621289845;[511, 1, 0, 0, 0, 0]
1689621289912;[511, 1, 0, 0, 0, 0]
1689621289913;[511, 1, 0, 0, 0, 0]
1689621289956;[513, 1, 0, 0, 0, 0]
1689621289958;[508, 1, 0, 0, 0, 0]
1689621289958;[509, 0, 0, 0, 0, 0]
1689621289959;[509, 1, 0, 0, 0, 0]
1689621289960;[510, 1, 0, 0, 0, 0]
1689621289961;[511, 1, 0, 0, 0, 0]
1689621289962;[509, 1, 0, 0, 0, 0]
1689621289962;[511, 1, 0, 0, 0, 0]
1689621289963;[508, 1, 0, 0, 0, 0]
1689621289964;[512, 1, 0, 0, 0, 0]
1689621289965;[510, 1, 0, 0, 0, 0]
1689621289965;[509, 1, 0, 0, 0, 0]
1689621289967;[510, 1, 0, 0, 0, 0]
1689621289967;[511, 1, 0, 0, 0, 0]
1689621290003;[508, 1, 0, 0, 0, 0]
1689621290004;[510, 1, 0, 0, 0, 0]
1689621290005;[511, 1, 0, 0, 0, 0]
1689621290006;[511, 1, 0, 0, 0, 0]
1689621290006;[511, 1, 0, 0, 0, 0]
1689621290007;[511, 1, 0, 0, 0, 0]
1689621290008;[509, 1, 0, 0, 0, 0]
1689621290009;[510, 1, 0, 0, 0, 0]
1689621290009;[508, 1, 0, 0, 0, 0]
1689621290010;[509, 1, 0, 0, 0, 0]
1689621290064;[510, 1, 0, 0, 0, 0]
1689621290066;[509, 1, 0, 0, 0, 0]
1689621290067;[511, 1, 0, 0, 0, 0]
1689621290068;[510, 1, 0, 0, 0, 0]
1689621290069;[513, 1, 0, 0, 0, 0]
1689621290070;[511, 1, 0, 0, 0, 0]
1689621290071;[511, 1, 0, 0, 0, 0]
1689621290109;[510, 1, 0, 0, 0, 0]
1689621290110;[511, 1, 0, 0, 0, 0]
1689621290111;[511, 1, 0, 0, 0, 0]
1689621290161;[510, 0, 0, 0, 0, 0]
1689621290163;[511, 1, 0, 0, 0, 0]
1689621290164;[508, 1, 0, 0, 0, 0]
1689621290165;[510, 1, 0, 0, 0, 0]
1689621290166;[510, 1, 0, 0, 0, 0]
1689621290166;[510, 1, 0, 0, 0, 0]
1689621290211;[511, 1, 0, 0, 0, 0]
1689621290212;[506, 1, 0, 0, 0, 0]
1689621290212;[510, 1, 0, 0, 0, 0]
1689621290214;[508, 1, 0, 0, 0, 0]
1689621290226;[507, 1, 0, 0, 0, 0]
1689621290227;[511, 1, 0, 0, 0, 0]
1689621290244;[509, 0, 0, 0, 0, 0]
1689621290262;[509, 1, 0, 0, 0, 0]
1689621290263;[510, 1, 0, 0, 0, 0]
1689621290291;[510, 1, 0, 0, 0, 0]
1689621290332;[510, 1, 0, 0, 0, 0]
1689621290333;[508, 1, 0, 0, 0, 0]
1689621290333;[511, 1, 0, 0, 0, 0]
1689621290334;[511, 1, 0, 0, 0, 0]
1689621290340;[510, 0, 0, 0, 0, 0]
1689621290341;[509, 1, 0, 0, 0, 0]
1689621290341;[511, 1, 0, 0, 0, 0]
1689621290342;[512, 1, 0, 0, 0, 0]
1689621290381;[510, 1, 0, 0, 0, 0]
1689621290382;[512, 1, 0, 0, 0, 0]
1689621290383;[511, 1, 0, 0, 0, 0]
1689621290384;[510, 1, 0, 0, 0, 0]
1689621290418;[511, 1, 0, 0, 0, 0]
1689621290419;[511, 1, 0, 0, 0, 0]
1689621290420;[511, 1, 0, 0, 0, 0]
1689621290451;[511, 1, 0, 0, 0, 0]
1689621290451;[508, 1, 0, 0, 0, 0]
1689621290453;[509, 1, 0, 0, 0, 0]
1689621290453;[508, 1, 0, 0, 0, 0]
1689621290529;[510, 1, 0, 0, 0, 0]
1689621290596;[510, 1, 0, 0, 0, 0]
1689621290597;[510, 1, 0, 0, 0, 0]
1689621290597;[508, 1, 0, 0, 0, 0]
1689621290663;[508, 1, 0, 0, 0, 0]
1689621290668;[510, 1, 0, 0, 0, 0]
1689621290717;[509, 1, 0, 0, 0, 0]
1689621290718;[510, 1, 0, 0, 0, 0]
1689621290719;[511, 1, 0, 0, 0, 0]
1689621290720;[509, 1, 0, 0, 0, 0]
1689621290755;[510, 1, 0, 0, 0, 0]
1689621290756;[509, 1, 0, 0, 0, 0]
1689621290756;[512, 1, 0, 0, 0, 0]
1689621290757;[509, 1, 0, 0, 0, 0]
1689621290757;[509, 1, 0, 0, 0, 0]
1689621290758;[510, 1, 0, 0, 0, 0]
1689621290758;[510, 1, 0, 0, 0, 0]
1689621290759;[512, 1, 0, 0, 0, 0]
1689621290759;[512, 1, 0, 0, 0, 0]
1689621290760;[509, 1, 0, 0, 0, 0]
1689621290760;[509, 1, 0, 0, 0, 0]
1689621290760;[509, 0, 0, 0, 0, 0]
1689621290761;[510, 1, 0, 0, 0, 0]
1689621290761;[511, 1, 0, 0, 0, 0]
1689621290762;[509, 1, 0, 0, 0, 0]
1689621290762;[510, 1, 0, 0, 0, 0]
1689621290762;[512, 1, 0, 0, 0, 0]
1689621290763;[510, 1, 0, 0, 0, 0]
1689621290771;[507, 1, 0, 0, 0, 0]
1689621290772;[511, 0, 0, 0, 0, 0]
1689621290773;[511, 1, 0, 0, 0, 0]
1689621290774;[511, 1, 0, 0, 0, 0]
1689621290808;[511, 1, 0, 0, 0, 0]
1689621290809;[511, 1, 0, 0, 0, 0]
1689621290810;[512, 1, 0, 0, 0, 0]
1689621290811;[511, 1, 0, 0, 0, 0]
1689621290843;[510, 1, 0, 0, 0, 0]
1689621290844;[510, 1, 0, 0, 0, 0]
1689621290845;[512, 1, 0, 0, 0, 0]
1689621290870;[511, 1, 0, 0, 0, 0]
1689621290878;[508, 1, 0, 0, 0, 0]
1689621290878;[511, 1, 0, 0, 0, 0]
1689621290879;[511, 1, 0, 0, 0, 0]
1689621290920;[507, 1, 0, 0, 0, 0]
1689621290921;[511, 1, 0, 0, 0, 0]
1689621290922;[512, 1, 0, 0, 0, 0]
1689621290925;[510, 1, 0, 0, 0, 0]
1689621290963;[507, 1, 0, 0, 0, 0]
1689621290965;[510, 1, 0, 0, 0, 0]
1689621290965;[510, 1, 0, 0, 0, 0]
1689621290965;[510, 1, 0, 0, 0, 0]
1689621291039;[510, 1, 0, 0, 0, 0]
1689621291040;[511, 1, 0, 0, 0, 0]
1689621291041;[510, 1, 0, 0, 0, 0]
1689621291042;[509, 1, 0, 0, 0, 0]
1689621291044;[509, 1, 0, 0, 0, 0]
1689621291044;[509, 1, 0, 0, 0, 0]
1689621291045;[509, 1, 0, 0, 0, 0]
1689621291045;[509, 1, 0, 0, 0, 0]
1689621291112;[509, 1, 0, 0, 0, 0]
1689621291113;[510, 1, 0, 0, 0, 0]
1689621291114;[514, 1, 0, 0, 0, 0]
1689621291115;[511, 1, 0, 0, 0, 0]
1689621291116;[511, 1, 0, 0, 0, 0]
1689621291118;[509, 1, 0, 0, 0, 0]
1689621291160;[511, 0, 0, 0, 0, 0]
1689621291160;[511, 1, 0, 0, 0, 0]
1689621291161;[507, 1, 0, 0, 0, 0]
1689621291161;[510, 1, 0, 0, 0, 0]
1689621291161;[510, 1, 0, 0, 0, 0]
1689621291213;[515, 1, 0, 0, 0, 0]
1689621291214;[513, 1, 0, 0, 0, 0]
1689621291215;[513, 1, 0, 0, 0, 0]
1689621291215;[512, 0, 0, 0, 0, 0]
1689621291270;[512, 1, 0, 0, 0, 0]
1689621291271;[504, 1, 0, 0, 0, 0]
1689621291333;[519, 1, 0, 0, 0, 0]
1689621291334;[521, 1, 0, 0, 0, 0]
1689621291400;[500, 1, 0, 0, 0, 0]
1689621291401;[511, 1, 0, 0, 0, 0]
1689621291408;[508, 1, 0, 0, 0, 0]
1689621291409;[507, 1, 0, 0, 0, 0]
1689621291411;[496, 1, 0, 0, 0, 0]
1689621291445;[501, 1, 0, 0, 0, 0]
1689621291445;[521, 1, 0, 0, 0, 0]
1689621291446;[520, 1, 0, 0, 0, 0]
1689621291446;[509, 1, 0, 0, 0, 0]
1689621291446;[504, 1, 0, 0, 0, 0]
1689621291447;[494, 1, 0, 0, 0, 0]
1689621291448;[469, 1, 0, 0, 0, 0]
1689621291449;[500, 1, 0, 0, 0, 0]
1689621291450;[509, 1, 0, 0, 0, 0]
1689621291450;[510, 1, 0, 0, 0, 0]
1689621291451;[512, 1, 0, 0, 0, 0]
1689621291452;[522, 1, 0, 0, 0, 0]
1689621291452;[541, 1, 0, 0, 0, 0]
1689621291453;[501, 1, 0, 0, 0, 0]
1689621291454;[543, 1, 0, 0, 0, 0]
1689621291454;[502, 1, 0, 0, 0, 0]
1689621291457;[547, 1, 0, 0, 0, 0]
1689621291482;[507, 1, 0, 0, 0, 0]
1689621291483;[440, 1, 0, 0, 0, 0]
1689621291484;[468, 1, 0, 0, 0, 0]
1689621291490;[510, 1, 0, 0, 0, 0]
1689621291525;[471, 1, 0, 0, 0, 0]
1689621291527;[447, 1, 0, 0, 0, 0]
1689621291527;[567, 1, 0, 0, 0, 0]
1689621291550;[540, 1, 0, 0, 0, 0]
1689621291621;[488, 1, 0, 0, 0, 0]
1689621291622;[510, 0, 0, 0, 0, 0]
1689621291623;[443, 1, 0, 0, 0, 0]
1689621291623;[539, 1, 0, 0, 0, 0]
1689621291624;[567, 2, 0, 0, 0, 0]
1689621291625;[525, 1, 0, 0, 0, 0]
1689621291626;[575, 1, 0, 0, 0, 0]
1689621291626;[506, 1, 0, 0, 0, 0]
1689621291654;[554, 1, 0, 0, 0, 0]
1689621291655;[513, 0, 0, 0, 0, 0]
1689621291655;[471, 1, 0, 0, 0, 0]
1689621291656;[433, 1, 0, 0, 0, 0]
1689621291695;[473, 1, 0, 0, 0, 0]
1689621291696;[523, 1, 0, 0, 0, 0]
1689621291697;[483, 1, 0, 0, 0, 0]
1689621291739;[518, 1, 0, 0, 0, 0]
1689621291740;[539, 1, 0, 0, 0, 0]
1689621291741;[504, 1, 0, 0, 0, 0]
1689621291742;[601, 2, 0, 0, 0, 0]
1689621291773;[404, 1, 0, 0, 0, 0]
1689621291773;[403, 0, 0, 0, 0, 0]
1689621291774;[457, 0, 0, 0, 0, 0]
1689621291774;[525, 1, 0, 0, 0, 0]
1689621291812;[576, 2, 0, 0, 0, 0]
1689621291813;[553, 1, 0, 0, 0, 0]
1689621291813;[603, 2, 0, 0, 0, 0]
1689621291814;[511, 1, 0, 0, 0, 0]
1689621291879;[293, 0, 0, 0, 0, 0]
1689621291881;[611, 1, 0, 0, 0, 0]
1689621291881;[588, 2, 0, 0, 0, 0]
1689621291882;[403, 0, 0, 0, 0, 0]
1689621291883;[396, 1, 0, 0, 0, 0]
1689621291884;[452, 1, 0, 0, 0, 0]
1689621291884;[504, 1, 0, 0, 0, 0]
1689621291885;[588, 2, 0, 0, 0, 0]
1689621291931;[612, 2, 0, 0, 0, 0]
1689621291931;[349, 0, 0, 0, 0, 0]
1689621291932;[605, 2, 0, 0, 0, 0]
1689621291932;[539, 1, 0, 0, 0, 0]
1689621291993;[381, 0, 0, 0, 0, 0]
1689621291995;[474, 1, 0, 0, 0, 0]
1689621292060;[535, 1, 0, 0, 0, 0]
1689621292061;[432, 1, 0, 0, 0, 0]
1689621292127;[508, 1, 0, 0, 0, 0]
1689621292128;[550, 1, 0, 0, 0, 0]
1689621292131;[555, 1, 0, 0, 0, 0]
1689621292132;[495, 1, 0, 0, 0, 0]
1689621292166;[511, 1, 0, 0, 0, 0]
1689621292192;[401, 0, 0, 0, 0, 0]
1689621292193;[570, 1, 0, 0, 0, 0]
1689621292193;[589, 2, 0, 0, 0, 0]
1689621292194;[393, 0, 0, 0, 0, 0]
1689621292194;[179, 0, 0, 0, 0, 0]
1689621292195;[562, 1, 0, 0, 0, 0]
1689621292195;[623, 2, 0, 0, 0, 0]
1689621292196;[428, 1, 0, 0, 0, 0]
1689621292196;[476, 1, 0, 0, 0, 0]
1689621292197;[459, 1, 0, 0, 0, 0]
1689621292197;[529, 1, 0, 0, 0, 0]
1689621292197;[557, 1, 0, 0, 0, 0]
1689621292198;[613, 2, 0, 0, 0, 0]
1689621292198;[571, 1, 0, 0, 0, 0]
1689621292199;[487, 1, 0, 0, 0, 0]
1689621292199;[278, 0, 0, 0, 0, 0]
1689621292207;[514, 1, 0, 0, 0, 0]
1689621292208;[449, 0, 0, 0, 0, 0]
1689621292208;[536, 1, 0, 0, 0, 0]
1689621292218;[804, 3, 0, 0, 0, 0]
1689621292256;[625, 2, 0, 0, 0, 0]
1689621292257;[533, 1, 0, 0, 0, 0]
1689621292258;[371, 0, 0, 0, 0, 0]
1689621292258;[462, 1, 0, 0, 0, 0]
1689621292302;[523, 1, 0, 0, 0, 0]
1689621292303;[264, 0, 0, 0, 0, 0]
1689621292304;[444, 1, 0, 0, 0, 0]
1689621292305;[499, 1, 0, 0, 0, 0]
1689621292315;[620, 2, 0, 0, 0, 0]
1689621292316;[464, 1, 0, 0, 0, 0]
1689621292347;[419, 0, 0, 0, 0, 0]
1689621292373;[559, 2, 0, 0, 0, 0]
1689621292373;[446, 1, 0, 0, 0, 0]
1689621292374;[504, 1, 0, 0, 0, 0]
1689621292374;[587, 2, 0, 0, 0, 0]
1689621292412;[388, 1, 0, 0, 0, 0]
1689621292412;[491, 1, 0, 0, 0, 0]
1689621292413;[528, 1, 0, 0, 0, 0]
1689621292413;[476, 1, 0, 0, 0, 0]
1689621292445;[474, 1, 0, 0, 0, 0]
1689621292446;[493, 1, 0, 0, 0, 0]
1689621292447;[654, 2, 0, 0, 0, 0]
1689621292470;[564, 2, 0, 0, 0, 0]
1689621292470;[511, 1, 0, 0, 0, 0]
1689621292471;[651, 2, 0, 0, 0, 0]
1689621292471;[695, 2, 0, 0, 0, 0]
1689621292503;[655, 2, 0, 0, 0, 0]
1689621292504;[523, 1, 0, 0, 0, 0]
1689621292508;[555, 1, 0, 0, 0, 0]
1689621292513;[513, 0, 0, 0, 0, 0]
1689621292547;[476, 1, 0, 0, 0, 0]
1689621292548;[568, 2, 0, 0, 0, 0]
1689621292549;[638, 2, 0, 0, 0, 0]
1689621292550;[494, 1, 0, 0, 0, 0]
1689621292583;[581, 2, 0, 0, 0, 0]
1689621292584;[387, 0, 0, 0, 0, 0]
1689621292614;[616, 2, 0, 0, 0, 0]
1689621292615;[588, 2, 0, 0, 0, 0]
1689621292620;[518, 1, 0, 0, 0, 0]
1689621292622;[498, 1, 0, 0, 0, 0]
1689621292624;[550, 1, 0, 0, 0, 0]
1689621292633;[511, 0, 0, 0, 0, 0]
1689621292706;[390, 0, 0, 0, 0, 0]
1689621292707;[520, 1, 0, 0, 0, 0]
1689621292778;[489, 1, 0, 0, 0, 0]
1689621292780;[510, 1, 0, 0, 0, 0]
1689621292845;[598, 2, 0, 0, 0, 0]
1689621292847;[334, 0, 0, 0, 0, 0]
1689621292885;[646, 2, 0, 0, 0, 0]
1689621292885;[568, 1, 0, 0, 0, 0]
1689621292886;[466, 1, 0, 0, 0, 0]
1689621292923;[476, 1, 0, 0, 0, 0]
1689621292924;[432, 0, 0, 0, 0, 0]
1689621292924;[544, 1, 0, 0, 0, 0]
1689621292925;[491, 1, 0, 0, 0, 0]
1689621292925;[411, 1, 0, 0, 0, 0]
1689621292926;[413, 0, 0, 0, 0, 0]
1689621292926;[467, 1, 0, 0, 0, 0]
1689621292926;[484, 1, 0, 0, 0, 0]
1689621292926;[494, 1, 0, 0, 0, 0]
1689621292927;[351, 0, 0, 0, 0, 0]
1689621292927;[453, 1, 0, 0, 0, 0]
1689621292927;[622, 2, 0, 0, 0, 0]
1689621292927;[409, 1, 0, 0, 0, 0]
1689621292928;[575, 2, 0, 0, 0, 0]
1689621292928;[450, 1, 0, 0, 0, 0]
1689621292928;[570, 1, 0, 0, 0, 0]
1689621292928;[567, 1, 0, 0, 0, 0]
1689621292929;[398, 0, 0, 0, 0, 0]
1689621292929;[601, 2, 0, 0, 0, 0]
1689621292952;[683, 2, 0, 0, 0, 0]
1689621292952;[530, 1, 0, 0, 0, 0]
1689621292952;[449, 1, 0, 0, 0, 0]
1689621292953;[491, 0, 0, 0, 0, 0]
1689621292999;[588, 2, 0, 0, 0, 0]
1689621293000;[483, 1, 0, 0, 0, 0]
1689621293000;[631, 2, 0, 0, 0, 0]
1689621293001;[547, 1, 0, 0, 0, 0]
1689621293052;[452, 1, 0, 0, 0, 0]
1689621293054;[523, 1, 0, 0, 0, 0]
1689621293054;[421, 0, 0, 0, 0, 0]
1689621293055;[507, 1, 0, 0, 0, 0]
1689621293059;[641, 2, 0, 0, 0, 0]
1689621293061;[491, 1, 0, 0, 0, 0]
1689621293062;[500, 1, 0, 0, 0, 0]
1689621293097;[552, 1, 0, 0, 0, 0]
1689621293098;[473, 1, 0, 0, 0, 0]
1689621293099;[401, 0, 0, 0, 0, 0]
1689621293100;[534, 1, 0, 0, 0, 0]
1689621293134;[474, 1, 0, 0, 0, 0]
1689621293135;[616, 2, 0, 0, 0, 0]
1689621293135;[446, 1, 0, 0, 0, 0]
1689621293185;[629, 2, 0, 0, 0, 0]
1689621293186;[522, 0, 0, 0, 0, 0]
1689621293186;[430, 1, 0, 0, 0, 0]
1689621293186;[545, 1, 0, 0, 0, 0]
1689621293237;[640, 2, 0, 0, 0, 0]
1689621293238;[497, 1, 0, 0, 0, 0]
1689621293238;[589, 2, 0, 0, 0, 0]
1689621293238;[392, 0, 0, 0, 0, 0]
1689621293242;[430, 1, 0, 0, 0, 0]
1689621293242;[197, 0, 0, 0, 0, 0]
1689621293243;[609, 2, 0, 0, 0, 0]
1689621293252;[532, 1, 0, 0, 0, 0]
1689621293286;[459, 1, 0, 0, 0, 0]
1689621293312;[713, 3, 0, 0, 0, 0]
1689621293313;[638, 2, 0, 0, 0, 0]
1689621293313;[396, 0, 0, 0, 0, 0]
1689621293342;[428, 1, 0, 0, 0, 0]
1689621293343;[574, 1, 0, 0, 0, 0]
1689621293344;[402, 0, 0, 0, 0, 0]
1689621293375;[559, 1, 0, 0, 0, 0]
1689621293375;[463, 1, 0, 0, 0, 0]
1689621293376;[483, 1, 0, 0, 0, 0]
1689621293377;[691, 2, 0, 0, 0, 0]
1689621293377;[611, 2, 0, 0, 0, 0]
1689621293439;[502, 1, 0, 0, 0, 0]
1689621293440;[442, 1, 0, 0, 0, 0]
1689621293507;[430, 1, 0, 0, 0, 0]
1689621293508;[523, 1, 0, 0, 0, 0]
1689621293576;[485, 1, 0, 0, 0, 0]
1689621293577;[475, 1, 0, 0, 0, 0]
1689621293625;[603, 2, 0, 0, 0, 0]
1689621293626;[513, 1, 0, 0, 0, 0]
1689621293626;[554, 1, 0, 0, 0, 0]
1689621293662;[589, 2, 0, 0, 0, 0]
1689621293662;[552, 1, 0, 0, 0, 0]
1689621293663;[369, 0, 0, 0, 0, 0]
1689621293663;[480, 1, 0, 0, 0, 0]
1689621293663;[538, 0, 0, 0, 0, 0]
1689621293664;[581, 1, 0, 0, 0, 0]
1689621293664;[469, 1, 0, 0, 0, 0]
1689621293664;[187, 0, 0, 0, 0, 0]
1689621293665;[452, 1, 0, 0, 0, 0]
1689621293665;[516, 1, 0, 0, 0, 0]
1689621293665;[512, 1, 0, 0, 0, 0]
1689621293666;[440, 0, 0, 0, 0, 0]
1689621293666;[455, 0, 0, 0, 0, 0]
1689621293666;[482, 1, 0, 0, 0, 0]
1689621293667;[637, 2, 0, 0, 0, 0]
1689621293667;[462, 1, 0, 0, 0, 0]
1689621293667;[427, 0, 0, 0, 0, 0]
1689621293667;[696, 2, 0, 0, 0, 0]
1689621293668;[556, 1, 0, 0, 0, 0]
1689621293668;[653, 2, 0, 0, 0, 0]
1689621293699;[478, 1, 0, 0, 0, 0]
1689621293699;[457, 1, 0, 0, 0, 0]
1689621293700;[463, 1, 0, 0, 0, 0]
1689621293701;[428, 1, 0, 0, 0, 0]
1689621293734;[577, 1, 0, 0, 0, 0]
1689621293735;[652, 2, 0, 0, 0, 0]
1689621293759;[586, 2, 0, 0, 0, 0]
1689621293760;[554, 1, 0, 0, 0, 0]
1689621293793;[492, 1, 0, 0, 0, 0]
1689621293794;[508, 1, 0, 0, 0, 0]
1689621293794;[579, 2, 0, 0, 0, 0]
1689621293832;[579, 1, 0, 0, 0, 0]
1689621293833;[455, 1, 0, 0, 0, 0]
1689621293833;[490, 1, 0, 0, 0, 0]
1689621293834;[533, 1, 0, 0, 0, 0]
1689621293844;[545, 1, 0, 0, 0, 0]
1689621293845;[579, 1, 0, 0, 0, 0]
1689621293846;[494, 1, 0, 0, 0, 0]
1689621293847;[525, 1, 0, 0, 0, 0]
1689621293885;[574, 2, 0, 0, 0, 0]
1689621293886;[551, 1, 0, 0, 0, 0]
1689621293887;[520, 1, 0, 0, 0, 0]
1689621293926;[440, 1, 0, 0, 0, 0]
1689621293926;[536, 1, 0, 0, 0, 0]
1689621293927;[535, 1, 0, 0, 0, 0]
1689621293928;[506, 1, 0, 0, 0, 0]
1689621293961;[499, 1, 0, 0, 0, 0]
1689621293961;[510, 1, 0, 0, 0, 0]
1689621293962;[486, 0, 0, 0, 0, 0]
1689621293995;[515, 1, 0, 0, 0, 0]
1689621293997;[492, 1, 0, 0, 0, 0]
1689621293997;[503, 1, 0, 0, 0, 0]
1689621293998;[516, 1, 0, 0, 0, 0]
1689621294030;[480, 1, 0, 0, 0, 0]
1689621294031;[519, 1, 0, 0, 0, 0]
1689621294031;[505, 1, 0, 0, 0, 0]
1689621294031;[510, 0, 0, 0, 0, 0]
1689621294063;[497, 1, 0, 0, 0, 0]
1689621294064;[511, 1, 0, 0, 0, 0]
1689621294065;[502, 1, 0, 0, 0, 0]
1689621294098;[519, 1, 0, 0, 0, 0]
1689621294099;[510, 1, 0, 0, 0, 0]
1689621294100;[510, 1, 0, 0, 0, 0]
1689621294101;[506, 1, 0, 0, 0, 0]
1689621294175;[522, 1, 0, 0, 0, 0]
1689621294176;[517, 1, 0, 0, 0, 0]
1689621294243;[515, 1, 0, 0, 0, 0]
1689621294244;[509, 1, 0, 0, 0, 0]
1689621294310;[509, 1, 0, 0, 0, 0]
1689621294311;[514, 1, 0, 0, 0, 0]
1689621294346;[511, 1, 0, 0, 0, 0]
1689621294347;[515, 1, 0, 0, 0, 0]
1689621294348;[511, 1, 0, 0, 0, 0]
1689621294348;[509, 1, 0, 0, 0, 0]
1689621294348;[509, 1, 0, 0, 0, 0]
1689621294349;[510, 1, 0, 0, 0, 0]
1689621294349;[513, 1, 0, 0, 0, 0]
1689621294349;[510, 1, 0, 0, 0, 0]
1689621294350;[511, 1, 0, 0, 0, 0]
1689621294350;[511, 1, 0, 0, 0, 0]
1689621294351;[510, 1, 0, 0, 0, 0]
1689621294351;[507, 1, 0, 0, 0, 0]
1689621294351;[504, 1, 0, 0, 0, 0]
1689621294352;[512, 1, 0, 0, 0, 0]
1689621294352;[511, 1, 0, 0, 0, 0]
1689621294352;[511, 1, 0, 0, 0, 0]
1689621294353;[510, 1, 0, 0, 0, 0]
1689621294365;[509, 1, 0, 0, 0, 0]
1689621294366;[511, 1, 0, 0, 0, 0]
1689621294366;[509, 1, 0, 0, 0, 0]
1689621294368;[509, 1, 0, 0, 0, 0]
1689621294402;[511, 1, 0, 0, 0, 0]
1689621294402;[512, 0, 0, 0, 0, 0]
1689621294404;[510, 1, 0, 0, 0, 0]
1689621294437;[508, 1, 0, 0, 0, 0]
1689621294437;[510, 1, 0, 0, 0, 0]
1689621294461;[509, 1, 0, 0, 0, 0]
1689621294461;[511, 1, 0, 0, 0, 0]
1689621294498;[508, 1, 0, 0, 0, 0]
1689621294499;[511, 1, 0, 0, 0, 0]
1689621294499;[510, 0, 0, 0, 0, 0]
1689621294500;[508, 1, 0, 0, 0, 0]
1689621294525;[511, 1, 0, 0, 0, 0]
1689621294526;[510, 1, 0, 0, 0, 0]
1689621294526;[513, 1, 0, 0, 0, 0]
1689621294527;[508, 1, 0, 0, 0, 0]
1689621294560;[509, 1, 0, 0, 0, 0]
1689621294561;[511, 1, 0, 0, 0, 0]
1689621294561;[510, 1, 0, 0, 0, 0]
1689621294563;[508, 1, 0, 0, 0, 0]
1689621294592;[510, 1, 0, 0, 0, 0]
1689621294599;[512, 1, 0, 0, 0, 0]
1689621294600;[511, 0, 0, 0, 0, 0]
1689621294601;[511, 1, 0, 0, 0, 0]
1689621294634;[512, 1, 0, 0, 0, 0]
1689621294635;[510, 1, 0, 0, 0, 0]
1689621294636;[508, 1, 0, 0, 0, 0]
1689621294637;[512, 1, 0, 0, 0, 0]
1689621294671;[509, 1, 0, 0, 0, 0]
1689621294672;[510, 1, 0, 0, 0, 0]
1689621294673;[510, 1, 0, 0, 0, 0]
1689621294712;[511, 1, 0, 0, 0, 0]
1689621294713;[509, 1, 0, 0, 0, 0]
1689621294713;[511, 1, 0, 0, 0, 0]
1689621294714;[508, 1, 0, 0, 0, 0]
1689621294743;[512, 1, 0, 0, 0, 0]
1689621294744;[509, 1, 0, 0, 0, 0]
1689621294745;[509, 1, 0, 0, 0, 0]
1689621294774;[510, 1, 0, 0, 0, 0]
1689621294789;[511, 1, 0, 0, 0, 0]
1689621294790;[509, 1, 0, 0, 0, 0]
1689621294790;[511, 1, 0, 0, 0, 0]
1689621294816;[507, 1, 0, 0, 0, 0]
1689621294848;[513, 1, 0, 0, 0, 0]
1689621294849;[510, 1, 0, 0, 0, 0]
1689621294850;[510, 1, 0, 0, 0, 0]
1689621294850;[509, 0, 0, 0, 0, 0]
1689621294901;[512, 1, 0, 0, 0, 0]
1689621294902;[508, 1, 0, 0, 0, 0]
1689621294969;[514, 1, 0, 0, 0, 0]
1689621294975;[512, 1, 0, 0, 0, 0]
1689621295036;[509, 1, 0, 0, 0, 0]
1689621295037;[514, 1, 0, 0, 0, 0]
1689621295081;[509, 1, 0, 0, 0, 0]
1689621295082;[511, 0, 0, 0, 0, 0]
1689621295083;[511, 1, 0, 0, 0, 0]
1689621295084;[510, 1, 0, 0, 0, 0]
1689621295085;[510, 1, 0, 0, 0, 0]
1689621295086;[512, 1, 0, 0, 0, 0]
1689621295086;[509, 1, 0, 0, 0, 0]
1689621295087;[510, 1, 0, 0, 0, 0]
1689621295087;[509, 1, 0, 0, 0, 0]
1689621295087;[511, 1, 0, 0, 0, 0]
1689621295088;[509, 1, 0, 0, 0, 0]
1689621295088;[509, 1, 0, 0, 0, 0]
1689621295089;[513, 1, 0, 0, 0, 0]
1689621295089;[512, 0, 0, 0, 0, 0]
1689621295089;[511, 1, 0, 0, 0, 0]
1689621295090;[510, 1, 0, 0, 0, 0]
1689621295090;[515, 1, 0, 0, 0, 0]
1689621295091;[509, 1, 0, 0, 0, 0]
1689621295091;[511, 1, 0, 0, 0, 0]
1689621295130;[510, 1, 0, 0, 0, 0]
1689621295131;[509, 1, 0, 0, 0, 0]
1689621295131;[510, 1, 0, 0, 0, 0]
1689621295132;[508, 1, 0, 0, 0, 0]
1689621295165;[512, 1, 0, 0, 0, 0]
1689621295166;[508, 1, 0, 0, 0, 0]
1689621295166;[509, 1, 0, 0, 0, 0]
1689621295196;[510, 1, 0, 0, 0, 0]
1689621295197;[508, 1, 0, 0, 0, 0]
1689621295197;[507, 1, 0, 0, 0, 0]
1689621295198;[513, 1, 0, 0, 0, 0]
1689621295231;[509, 1, 0, 0, 0, 0]
1689621295232;[510, 1, 0, 0, 0, 0]
1689621295233;[512, 1, 0, 0, 0, 0]
1689621295263;[511, 1, 0, 0, 0, 0]
1689621295264;[508, 1, 0, 0, 0, 0]
1689621295265;[510, 1, 0, 0, 0, 0]
1689621295266;[515, 1, 0, 0, 0, 0]
1689621295299;[510, 1, 0, 0, 0, 0]
1689621295300;[511, 1, 0, 0, 0, 0]
1689621295300;[510, 1, 0, 0, 0, 0]
1689621295301;[511, 1, 0, 0, 0, 0]
1689621295335;[510, 1, 0, 0, 0, 0]
1689621295336;[512, 1, 0, 0, 0, 0]
1689621295337;[512, 1, 0, 0, 0, 0]
1689621295360;[512, 1, 0, 0, 0, 0]
1689621295373;[513, 0, 0, 0, 0, 0]
1689621295395;[510, 1, 0, 0, 0, 0]
1689621295396;[511, 1, 0, 0, 0, 0]
1689621295431;[510, 1, 0, 0, 0, 0]
1689621295432;[511, 1, 0, 0, 0, 0]
1689621295432;[511, 1, 0, 0, 0, 0]
1689621295433;[510, 1, 0, 0, 0, 0]
1689621295462;[511, 1, 0, 0, 0, 0]
1689621295463;[508, 1, 0, 0, 0, 0]
1689621295463;[510, 1, 0, 0, 0, 0]
1689621295464;[509, 1, 0, 0, 0, 0]
1689621295496;[510, 1, 0, 0, 0, 0]
1689621295497;[509, 0, 0, 0, 0, 0]
1689621295497;[513, 1, 0, 0, 0, 0]
1689621295498;[508, 1, 0, 0, 0, 0]
1689621295533;[512, 1, 0, 0, 0, 0]
1689621295534;[509, 1, 0, 0, 0, 0]
1689621295535;[512, 1, 0, 0, 0, 0]
1689621295571;[508, 1, 0, 0, 0, 0]
1689621295572;[509, 1, 0, 0, 0, 0]
1689621295572;[510, 1, 0, 0, 0, 0]
1689621295572;[509, 1, 0, 0, 0, 0]
1689621295635;[510, 1, 0, 0, 0, 0]
1689621295638;[510, 1, 0, 0, 0, 0]
1689621295702;[510, 1, 0, 0, 0, 0]
1689621295703;[511, 1, 0, 0, 0, 0]
1689621295772;[508, 1, 0, 0, 0, 0]
1689621295820;[508, 1, 0, 0, 0, 0]
1689621295821;[507, 1, 0, 0, 0, 0]
1689621295822;[509, 1, 0, 0, 0, 0]
1689621295822;[511, 1, 0, 0, 0, 0]
1689621295823;[509, 1, 0, 0, 0, 0]
1689621295823;[509, 1, 0, 0, 0, 0]
1689621295823;[510, 1, 0, 0, 0, 0]
1689621295824;[511, 1, 0, 0, 0, 0]
1689621295824;[511, 1, 0, 0, 0, 0]
1689621295825;[511, 1, 0, 0, 0, 0]
1689621295825;[509, 1, 0, 0, 0, 0]
1689621295825;[507, 1, 0, 0, 0, 0]
1689621295826;[511, 1, 0, 0, 0, 0]
1689621295826;[509, 1, 0, 0, 0, 0]
1689621295826;[512, 1, 0, 0, 0, 0]
1689621295827;[509, 1, 0, 0, 0, 0]
1689621295827;[512, 1, 0, 0, 0, 0]
1689621295827;[509, 0, 0, 0, 0, 0]
1689621295828;[511, 1, 0, 0, 0, 0]
1689621295828;[509, 1, 0, 0, 0, 0]
1689621295876;[511, 1, 0, 0, 0, 0]
1689621295877;[510, 1, 0, 0, 0, 0]
1689621295878;[511, 1, 0, 0, 0, 0]
1689621295878;[510, 1, 0, 0, 0, 0]
1689621295879;[511, 1, 0, 0, 0, 0]
1689621295880;[511, 1, 0, 0, 0, 0]
1689621295881;[511, 1, 0, 0, 0, 0]
1689621295921;[511, 1, 0, 0, 0, 0]
1689621295922;[510, 1, 0, 0, 0, 0]
1689621295922;[508, 0, 0, 0, 0, 0]
1689621295923;[509, 1, 0, 0, 0, 0]
1689621295975;[513, 1, 0, 0, 0, 0]
1689621295976;[510, 1, 0, 0, 0, 0]
1689621295976;[511, 1, 0, 0, 0, 0]
1689621295977;[511, 1, 0, 0, 0, 0]
1689621295977;[510, 1, 0, 0, 0, 0]
1689621296035;[511, 1, 0, 0, 0, 0]
1689621296036;[507, 0, 0, 0, 0, 0]
1689621296037;[509, 1, 0, 0, 0, 0]
1689621296038;[508, 1, 0, 0, 0, 0]
1689621296039;[511, 1, 0, 0, 0, 0]
1689621296040;[506, 1, 0, 0, 0, 0]
1689621296065;[510, 1, 0, 0, 0, 0]
1689621296096;[511, 1, 0, 0, 0, 0]
1689621296097;[510, 1, 0, 0, 0, 0]
1689621296098;[509, 1, 0, 0, 0, 0]
1689621296098;[512, 1, 0, 0, 0, 0]
1689621296132;[510, 1, 0, 0, 0, 0]
1689621296133;[510, 1, 0, 0, 0, 0]
1689621296134;[510, 1, 0, 0, 0, 0]
1689621296134;[511, 1, 0, 0, 0, 0]
1689621296170;[511, 1, 0, 0, 0, 0]
1689621296171;[510, 1, 0, 0, 0, 0]
1689621296171;[509, 1, 0, 0, 0, 0]
1689621296172;[508, 1, 0, 0, 0, 0]
1689621296242;[512, 1, 0, 0, 0, 0]
1689621296244;[511, 1, 0, 0, 0, 0]
1689621296247;[511, 1, 0, 0, 0, 0]
1689621296248;[510, 1, 0, 0, 0, 0]
1689621296249;[510, 1, 0, 0, 0, 0]
1689621296249;[509, 1, 0, 0, 0, 0]
1689621296250;[510, 1, 0, 0, 0, 0]
1689621296291;[510, 1, 0, 0, 0, 0]
1689621296292;[511, 1, 0, 0, 0, 0]
1689621296292;[510, 1, 0, 0, 0, 0]
1689621296292;[511, 1, 0, 0, 0, 0]
1689621296304;[510, 1, 0, 0, 0, 0]
1689621296305;[512, 1, 0, 0, 0, 0]
1689621296306;[513, 1, 0, 0, 0, 0]
1689621296348;[509, 1, 0, 0, 0, 0]
1689621296383;[510, 1, 0, 0, 0, 0]
1689621296384;[510, 1, 0, 0, 0, 0]
1689621296451;[511, 1, 0, 0, 0, 0]
1689621296453;[510, 0, 0, 0, 0, 0]
1689621296515;[509, 1, 0, 0, 0, 0]
1689621296517;[509, 1, 0, 0, 0, 0]
1689621296517;[511, 1, 0, 0, 0, 0]
1689621296518;[508, 1, 0, 0, 0, 0]
1689621296519;[511, 1, 0, 0, 0, 0]
1689621296520;[509, 1, 0, 0, 0, 0]
1689621296520;[511, 1, 0, 0, 0, 0]
1689621296521;[510, 0, 0, 0, 0, 0]
1689621296521;[515, 1, 0, 0, 0, 0]
1689621296522;[511, 1, 0, 0, 0, 0]
1689621296523;[510, 1, 0, 0, 0, 0]
1689621296523;[510, 1, 0, 0, 0, 0]
1689621296524;[511, 1, 0, 0, 0, 0]
1689621296525;[509, 1, 0, 0, 0, 0]
1689621296525;[509, 1, 0, 0, 0, 0]
1689621296580;[509, 1, 0, 0, 0, 0]
1689621296582;[508, 1, 0, 0, 0, 0]
1689621296583;[512, 1, 0, 0, 0, 0]
1689621296585;[510, 1, 0, 0, 0, 0]
1689621296585;[508, 1, 0, 0, 0, 0]
1689621296586;[508, 1, 0, 0, 0, 0]
1689621296612;[508, 1, 0, 0, 0, 0]
1689621296613;[509, 1, 0, 0, 0, 0]
1689621296613;[509, 1, 0, 0, 0, 0]
1689621296614;[510, 1, 0, 0, 0, 0]
1689621296644;[514, 1, 0, 0, 0, 0]
1689621296645;[507, 1, 0, 0, 0, 0]
1689621296645;[510, 1, 0, 0, 0, 0]
1689621296646;[513, 1, 0, 0, 0, 0]
1689621296697;[508, 1, 0, 0, 0, 0]
1689621296700;[509, 1, 0, 0, 0, 0]
1689621296703;[512, 1, 0, 0, 0, 0]
1689621296705;[508, 1, 0, 0, 0, 0]
1689621296750;[509, 1, 0, 0, 0, 0]
1689621296751;[512, 1, 0, 0, 0, 0]
1689621296753;[509, 1, 0, 0, 0, 0]
1689621296754;[508, 1, 0, 0, 0, 0]
1689621296757;[510, 1, 0, 0, 0, 0]
1689621296758;[509, 1, 0, 0, 0, 0]
1689621296758;[512, 1, 0, 0, 0, 0]
